collision:tim/16 prev value=39.000000, new value=6.000000
toby=6.000000
maude=40.000000
tim=6.000000
